TheGalaxy         17:45:40.0 -29:0:28 9.999 0.0 9.99 9.99  999.9 99.9 99.9 99.9 9.9 9.9 999.9 99.9 99.9 9.99 9.99 9.99 99.9 9.9 9.9  99.99  9.99  9.99 99.9 99.9 99.9 99.9 99.9 99.9 99.9 99.9 99.9 99.9 999.9 99.9 99.9  9.99 9.99 9.99 9 (0)         
SagittariusdSph   18:55:19.5 -30:32:43 0.153 17.10 0.15 0.15  140.0  2.0  2.0  3.6 0.3 0.3 102.0  2.0  2.0 0.64 0.02 0.02 25.2 0.3 0.3 342.00 12.00 12.00 11.4  0.7  0.7 00.0 00.0 00.0 00.0 00.0 00.0 00.0  00.0 00.0 00.0 -0.40 0.20 0.20 1 (3)(4)(96)(97)(128)(129)(130)(177)
Segue(I)          10:7:4.0  16:4:55 0.031 16.80 0.20 0.20  208.5  0.9  0.9 15.3 0.8 0.8  85.0  8.0  8.0 0.48 0.13 0.13 27.6 1.0 1.0   4.40  1.20  0.60  3.9  0.8  0.8 00.0 00.0 00.0 00.0 00.0 00.0 00.0  00.0 00.0 00.0 -2.72 0.40 0.40 2 (5)(6)(98)(130)(178)
UrsaMajorII      08:51:30.0  63:7:48 0.094 17.50 0.30 0.30 -116.5  1.9  1.9 13.3 0.5 0.5  98.0  4.0  4.0 0.63 0.05 0.05 27.9 0.6 0.6  16.00  1.00  1.00  6.7  1.4  1.4 00.0 00.0 00.0 00.0 00.0 00.0 00.0  00.0 00.0 00.0 -2.47 0.06 0.06 2 (7)(8)(98)(130)(179)(180)
BootesII          13:58:0.0  12:51:0 0.031 18.10 0.06 0.06 -117.0  5.2  5.2 15.4 0.9 0.9 145.0 55.0 55.0 0.21 0.21 0.21 28.1 1.6 1.6   4.20  1.40  1.40 10.5  7.4  7.4 99.9 99.9 99.9 00.0 00.0 00.0 00.0  00.0 00.0 00.0 -1.79 0.05 0.05 3 (9)(10)(98)(130)
SegueII           02:19:16.0  20:10:31 0.185 17.70 0.10 0.10  -39.2  2.5  2.5 15.2 0.3 0.3 182.0 17.0 17.0 0.15 0.10 0.10 27.4 0.4 0.4   3.40  0.20  0.20  3.4  2.5  1.2 99.9 99.9 99.9 99.9 99.9 99.9 99.9 999.9 99.9 99.9 -2.00 0.25 0.25 1 (11)
Willman1          10:49:21.0  51:3:0 0.014 17.90 0.40 0.40  -12.3  2.5  2.5 15.2 0.7 0.7  77.0  5.0  5.0 0.47 0.08 0.08 26.1 0.9 0.9   2.30  0.40  0.40  4.3  2.3  1.3 99.9 99.9 99.9 00.0 00.0 00.0 00.0  00.0 00.0 00.0 -2.10 9.99 9.99 2 (12)(13)(98)(130)(181)
ComaBerenices     12:26:59.0  23:54:15 0.017 18.20 0.20 0.20   98.1  0.9  0.9 14.1 0.5 0.5 115.0 10.0 10.0 0.38 0.14 0.14 27.3 0.7 0.7   6.00  0.60  0.60  4.6  0.8  0.8 00.0 00.0 00.0 00.0 00.0 00.0 00.0  00.0 00.0 00.0 -2.60 0.05 0.05 2 (5)(8)(98)(130)(179)(180)
BootesIII         13:57:12.0  26:48:0 0.021 18.35 0.10 0.10  197.5  3.8  3.8 12.6 0.5 0.5  90.0 99.9 99.9 0.50 9.99 9.99 31.3 0.3 0.3  99.99  9.99  9.99 14.0  3.2  3.2 99.9 99.9 99.9 99.9 99.9 99.9 99.9 999.9 99.9 99.9 -2.10 0.20 0.20 2 (14)(15)(99)
LMC                05:23:34.5 -69:45:22 0.926 18.52 0.09 0.09  262.2  3.4  3.4  0.4 0.1 0.1 999.9 99.9 99.9 9.99 9.99 9.99 99.9 9.9 9.9  99.99  9.99  9.99 20.2  0.5  0.5 49.8 15.9 15.9 460. 15.8  0.2  0.2  63.0  3.0  3.0 -0.50 9.99 9.99 3 (16)(17)(41)(131)(132)(182)
SMC                00:52:44.8 -72:49:43 0.419 19.03 0.12 0.12  145.6  0.6  0.6  2.2 0.2 0.2 999.9 99.9 99.9 9.99 9.99 9.99 99.9 9.9 9.9  99.99  9.99  9.99 27.6  0.5  0.5 00.0 00.0 00.0 460. 22.0  2.0  2.0  60.0  5.0  5.0 -1.00 0.02 0.02 3 (18)(19)(41)(133)(132)(184)
Bootes(I)         14:0:6.0  14:30:0 0.017 19.11 0.08 0.08   99.0  2.1  2.1 12.8 0.2 0.2  14.0  6.0  6.0 0.39 0.06 0.06 27.5 0.3 0.3  12.60  1.00  1.00  2.4  0.9  0.5 99.9 99.9 99.9 00.0 00.0 00.0 00.0  00.0 00.0 00.0 -2.55 0.11 0.11 2 (20)(13)(98)(134)(130)(178)
Draco              17:20:12.4  57:54:55 0.027 19.40 0.17 0.17 -291.0  0.1  0.1 10.6 0.2 0.2  89.0  2.0  2.0 0.31 0.02 0.02 25.0 0.2 0.2  10.00  0.30  0.30  9.1  1.2  1.2 00.0 00.0 00.0 00.0 00.0 00.0 00.0  00.0 00.0 00.0 -1.93 0.01 0.01 2 (21)(22)(98)(135)(130)(180)
UrsaMinor         15:9:8.5  67:13:21 0.032 19.40 0.10 0.10 -246.9  0.1  0.1 10.6 0.5 0.5  53.0  5.0  5.0 0.56 0.05 0.05 26.0 0.5 0.5   8.20  1.20  1.20  9.5  1.2  1.2 00.0 00.0 00.0 00.0 00.0 00.0 00.0  00.0 00.0 00.0 -2.13 0.01 0.01 2 (23)(24)(100)(135)(130)(180)
Sculptor           01:0:9.4 -33:42:33 0.018 19.67 0.14 0.14  111.4  0.1  0.1  8.6 0.5 0.5  99.0  1.0  1.0 0.32 0.03 0.03 23.5 0.5 0.5  11.30  1.60  1.60  9.2  1.4  1.4 00.0 00.0 00.0 0.22 00.0 00.0 00.0  00.0 00.0 00.0 -1.68 0.01 0.01 2 (25)(26)(100)(136)(137)(130)(187)(180)
Sextans(I)        10:13:3.0  -1:36:53 0.047 19.67 0.10 0.10  224.2  0.1  0.1 10.4 0.5 0.5  56.0  5.0  5.0 0.35 0.05 0.05 27.1 0.5 0.5  27.80  1.20  1.20  7.9  1.3  1.3 00.0 00.0 00.0 00.0 00.0 00.0 00.0  00.0 00.0 00.0 -1.93 0.01 0.01 2 (27)(26)(100)(136)(130)(180)
UrsaMajor(I)     10:34:52.8  51:55:12 0.020 19.93 0.10 0.10  -55.3  1.4  1.4 14.4 0.3 0.3  71.0  3.0  3.0 0.80 0.04 0.04 27.7 0.5 0.5  11.30  1.70  1.70  7.6  1.0  1.0 99.9 99.9 99.9 00.0 00.0 00.0 00.0  00.0 00.0 00.0 -2.18 0.04 0.04 2 (28)(8)(98)(130)(179)(180)
Carina             06:41:36.7 -50:57:58 0.061 20.11 0.13 0.13  222.9  0.1  0.1 11.0 0.5 0.5  65.0  5.0  5.0 0.33 0.05 0.05 25.5 0.5 0.5   8.20  1.20  1.20  6.6  1.2  1.2 00.0 00.0 00.0 00.0 00.0 00.0 00.0  00.0 00.0 00.0 -1.72 0.01 0.01 3 (29)(26)(100)(136)(130)(190)
Hercules           16:31:2.0  12:47:30 0.063 20.60 0.20 0.20   45.2  1.1  1.1 14.0 0.3 0.3 102.0  4.0  4.0 0.68 0.08 0.08 27.2 0.6 0.6   8.60  1.80  1.10  3.7  0.9  0.9 99.9 99.9 99.9 00.0 00.0 00.0 00.0  00.0 00.0 00.0 -2.41 0.04 0.04 2 (30)(31)(98)(130)(179)(180)
Fornax             02:39:59.3 -34:26:57 0.021 20.84 0.18 0.18   55.3  0.1  0.1  7.4 0.3 0.3  41.0  1.0  1.0 0.30 0.01 0.01 23.3 0.3 0.3  16.60  1.20  1.20 11.7  0.9  0.9 00.0 00.0 00.0 0.17 00.0 00.0 00.0  00.0 00.0 00.0 -0.99 0.01 0.01 2 (29)(26)(100)(136)(138)(130)(180)
LeoIV             11:32:57.0   0:32:0 0.026 20.94 0.09 0.09  132.3  1.4  1.4 15.1 0.4 0.4 121.0  9.0  9.0 0.49 0.11 0.11 27.5 0.7 0.7   4.60  0.80  0.80  3.3  1.7  1.7 99.9 99.9 99.9 00.0 00.0 00.0 00.0  00.0 00.0 00.0 -2.54 0.07 0.07 2 (32)(8)(101)(130)(179)(180)
CanesVenaticiII  12:57:10.0  34:19:15 0.010 21.02 0.06 0.06 -128.9  1.2  1.2 16.1 0.5 0.5 177.0  9.0  9.0 0.52 0.11 0.11 26.1 0.7 0.7   1.60  0.30  0.30  4.6  1.0  1.0 99.9 99.9 99.9 00.0 00.0 00.0 00.0  00.0 00.0 00.0 -2.21 0.05 0.05 2 (33)(8)(98)(130)(179)(180)
LeoV              11:31:9.6   2:13:12 0.027 21.25 0.12 0.12  173.3  3.1  3.1 16.0 0.4 0.4  96.0 13.0 13.0 0.50 0.15 0.15 27.1 0.8 0.8   2.60  0.60  0.60  3.7  2.3  1.4 99.9 99.9 99.9 00.0 00.0 00.0 00.0  00.0 00.0 00.0 -2.00 0.20 0.20 5 (34)(34)(101)(139)(130)
PiscesII          22:58:31.0   5:57:9 0.065 21.30 9.99 9.99  999.9  9.9  9.9 16.3 0.5 0.5  77.0 12.0 12.0 0.40 0.10 0.10 25.7 0.6 0.6   1.10  0.10  0.10 99.9 99.9 99.9 99.9 99.9 99.9 99.9 99.9 99.9 99.9 999.9 99.9 99.9 -1.90 9.99 9.99 5 (35)
CanesVenatici(I) 13:28:3.5  33:33:21 0.014 21.69 0.10 0.10   30.9  0.6  0.6 13.1 0.2 0.2  70.0  4.0  4.0 0.39 0.03 0.03 27.1 0.2 0.2   8.90  0.40  0.40  7.6  0.4  0.4 99.9 99.9 99.9 00.0 00.0 00.0 00.0  00.0 00.0 00.0 -1.98 0.01 0.01 2 (36)(8)(98)(130)(179)(180)
LeoII             11:13:28.8  22:9:6 0.017 21.84 0.13 0.13   78.0  0.1  0.1 12.0 0.3 0.3  12.0 10.0 10.0 0.13 0.05 0.05 24.2 0.3 0.3   2.60  0.60  0.60  6.6  0.7  0.7 99.9 99.9 99.9 00.0 00.0 00.0 00.0  00.0 00.0 00.0 -1.62 0.01 0.01 2 (37)(22)(100)(130)(180)
LeoI              10:8:28.1  12:18:23 0.036 22.02 0.13 0.13  282.5  0.1  0.1 10.0 0.3 0.3  79.0  3.0  3.0 0.21 0.03 0.03 22.6 0.3 0.3   3.40  0.30  0.30  9.2  1.4  1.4 00.0 00.0 00.0 00.0 00.0 00.0 00.0  00.0 00.0 00.0 -1.43 0.01 0.01 2 (38)(39)(100)(130)(180)
Andromeda           0:42:44.3  41:16:9 0.684 24.47 0.07 0.07 -300.0  4.0  4.0 99.9 9.9 9.9 999.9 99.9 99.9 9.99 9.99 9.99 99.9 9.9 9.9  99.99  9.99  9.99 99.9 99.9 99.9 99.9 99.9 99.9 99.9 99.9 99.9 99.9  99.9 99.9 99.9  9.99 9.99 9.99 9 (40)(41)